2   2   4.9 9.92    4.1 7.88    0   0   50.00
2   1   4.3 9.33    3.0 8.21    0   0   50.00
1   2   2.4 8.99    3.2 8.62    0   0   50.00
3   2   2.8 9.33    4.6 8.22    0   0   50.00
3   1   4.6 10.00   3.4 7.75    0   0   50.00
3   1   3.4 9.65    5.3 7.45    0   0   50.00
2   1   2.9 9.26    5.3 8.45    0   0   50.00
4   1   2.8 8.64    3.6 8.46    0   0   50.00
5   1   2.1 9.72    5.4 8.26    0   0   50.00
1   2   3.0 8.29    3.4 8.40    1   0   49.43
5   2   2.5 9.40    3.5 7.51    0   0   50.00
2   2   4.1 9.93    4.8 8.22    0   0   50.00
5   1   3.1 8.39    4.4 8.41    0   0   50.00
2   1   4.1 9.06    5.4 7.63    0   0   50.00
1   1   4.0 9.88    3.8 8.80    0   0   50.00
1   1   4.5 8.56    5.4 7.42    0   0   50.00
5   2   3.0 8.74    4.2 8.81    0   0   50.00
4   2   4.7 9.40    5.0 8.54    0   0   50.00
4   1   2.7 9.92    4.1 7.38    0   0   50.00
3   1   4.7 9.01    3.4 7.50    1   0   49.43
4   1   4.6 8.85    5.1 8.31    0   0   50.00
2   2   2.0 9.98    3.7 8.10    1   0   49.43
5   2   4.4 8.24    5.3 7.04    1   1   49.15
3   2   5.0 8.71    4.2 8.14    1   0   49.43
3   2   2.2 8.19    6.0 8.08    2   0   48.86
3   1   2.1 8.24    3.9 7.22    2   0   48.86
4   2   2.8 9.45    5.4 8.86    0   0   50.00
4   1   3.2 8.56    5.3 7.07    1   0   49.43
1   1   2.5 9.50    3.3 7.08    1   0   49.43
3   2   4.8 8.54    3.8 7.19    2   0   48.86
1   1   2.4 9.06    5.4 8.22    2   0   48.86
2   1   3.4 8.89    3.0 8.84    0   0   50.00
3   2   3.7 9.83    3.2 8.31    3   0   48.30
1   1   4.9 8.77    5.4 7.35    3   0   48.30
3   1   2.8 9.92    3.8 7.45    2   0   48.86
4   1   3.8 9.77    4.0 7.68    2   0   48.86
3   2   2.2 8.61    3.4 8.32    4   0   47.73
2   2   2.5 8.41    3.2 7.88    2   0   48.86
1   1   3.5 9.58    4.5 8.91    4   0   47.73
1   1   2.7 9.68    5.1 7.75    5   0   47.16
5   2   3.0 8.87    4.4 8.60    2   1   48.58
2   2   2.8 9.65    5.6 7.94    3   0   48.30
5   2   3.1 8.43    3.9 8.05    2   1   48.58
3   2   4.7 9.59    3.0 8.45    5   0   47.16
5   2   3.1 8.90    5.1 7.12    2   1   48.58
1   2   3.5 9.21    5.9 7.15    2   0   48.86
5   2   3.5 9.65    4.7 8.91    3   1   48.01
1   2   3.0 8.04    3.6 7.31    2   0   48.86
4   2   2.2 8.56    4.4 8.37    1   0   49.43
4   2   2.4 9.77    3.0 7.65    1   0   49.43
5   1   2.2 8.96    5.3 7.25    1   0   49.43
1   1   3.6 9.93    4.8 8.79    5   0   47.16
2   1   3.9 8.81    3.2 7.33    0   0   50.00
3   2   2.9 8.35    4.4 7.25    6   1   46.31
4   1   2.0 9.84    3.5 8.45    2   1   48.58
1   2   5.0 9.68    3.7 8.86    2   0   48.86
5   1   2.6 8.81    3.1 7.76    2   0   48.86
5   2   4.2 8.31    5.2 7.94    3   1   48.01
4   1   2.8 8.62    5.9 8.21    3   1   48.01
5   2   3.7 9.80    3.1 7.14    4   2   47.16
2   1   3.1 8.68    3.3 8.97    0   0   50.00
4   2   3.8 8.68    4.0 8.13    2   0   48.86
4   2   2.5 8.33    5.6 8.19    2   0   48.86
3   2   3.9 8.11    4.2 7.24    7   2   45.46
4   1   4.5 9.81    4.2 7.36    3   1   48.01
4   1   3.6 9.92    3.5 7.75    3   2   47.73
1   2   2.9 8.22    5.0 8.49    3   1   48.01
5   1   2.5 8.35    5.8 7.54    3   0   48.30
1   1   4.9 8.45    4.2 8.91    6   0   46.59
5   1   3.0 9.27    5.5 7.36    3   0   48.30
5   2   2.5 9.85    3.0 7.26    4   3   46.88
4   1   3.6 9.56    5.0 7.61    3   2   47.73
4   2   4.9 9.59    3.6 7.14    3   0   48.30
3   1   4.6 9.51    4.3 7.72    3   0   48.30
2   1   3.5 9.51    3.0 8.15    1   1   49.15
2   2   4.3 9.44    5.8 7.52    3   0   48.30
3   2   4.2 9.07    4.2 7.17    8   2   44.89
4   2   4.0 8.60    5.1 7.81    3   0   48.30
4   2   3.8 9.09    4.7 7.03    3   0   48.30
5   1   3.9 8.98    3.6 7.01    4   1   47.44
1   1   4.6 8.95    5.7 8.23    7   0   46.02
5   1   4.5 9.88    4.6 8.36    4   1   47.44
4   2   2.2 8.32    3.3 8.97    3   0   48.30
3   1   2.8 9.52    3.3 7.27    4   0   47.73
5   2   3.7 9.53    4.9 8.38    4   3   46.88
1   1   4.8 9.17    5.5 8.29    8   1   45.17
3   2   4.5 9.76    4.7 8.85    9   3   44.04
2   2   2.2 8.90    4.2 7.20    4   0   47.73
5   2   4.8 8.17    3.5 7.48    4   3   46.88
5   2   2.9 9.59    5.4 8.01    5   4   46.02
2   1   3.5 9.43    4.8 8.16    1   1   49.15
3   2   2.2 8.66    3.6 7.24    10  3   43.47
5   1   3.8 9.59    3.9 7.38    5   1   46.88
2   2   2.4 8.28    5.0 7.48    4   0   47.73
2   1   4.0 8.37    4.8 8.36    1   1   49.15
5   1   4.6 9.98    5.6 8.65    5   1   46.88
2   2   4.9 9.92    3.2 7.79    5   1   46.88
2   2   2.0 9.96    5.7 8.39    6   1   46.31
1   1   2.2 8.00    5.1 7.38    8   1   45.17
2   1   4.1 9.88    3.1 8.71    2   1   48.58
4   1   4.5 9.59    4.5 7.79    3   2   47.73
5   2   4.4 9.96    4.9 7.18    5   4   46.02
1   2   4.6 8.61    4.9 8.92    4   2   47.16
1   1   2.9 9.90    4.1 8.52    9   2   44.32
3   2   3.0 9.39    3.2 8.41    11  4   42.62
1   1   4.3 9.59    3.3 8.79    9   2   44.32
1   2   4.7 9.66    3.9 8.29    4   2   47.16
5   2   2.5 8.70    3.8 7.19    6   4   45.46
4   2   4.7 8.36    5.7 7.82    4   0   47.73
3   1   5.0 8.43    3.1 8.40    4   0   47.73
1   1   4.4 9.32    3.4 7.07    9   3   44.04
1   2   2.1 9.48    5.7 8.63    5   3   46.31
4   2   4.1 9.90    3.3 7.28    4   0   47.73
1   2   4.9 9.66    3.1 8.14    5   3   46.31
2   1   2.3 8.90    5.4 7.37    2   1   48.58
2   2   3.3 9.85    5.1 7.76    7   1   45.74
2   2   5.0 9.61    5.3 8.43    8   1   45.17
3   1   2.2 9.25    5.2 7.72    5   1   46.88
1   1   3.6 9.84    4.9 8.19    10  3   43.47
3   2   3.4 8.84    3.4 8.51    11  4   42.62
2   1   2.2 8.12    3.1 8.30    2   1   48.58
3   2   4.3 9.18    3.1 7.65    12  4   42.05
2   1   4.1 9.18    4.3 8.75    3   1   48.01
5   1   2.6 9.10    3.2 8.55    6   1   46.31
1   1   4.2 8.50    5.8 7.74    10  3   43.47
1   1   3.2 9.42    4.3 7.12    10  3   43.47
4   2   4.0 8.70    3.8 8.49    5   0   47.16
4   2   4.1 8.87    4.8 7.39    6   0   46.59
1   2   5.0 8.40    3.9 7.82    6   3   45.74
1   2   4.5 9.60    3.5 7.75    7   3   45.17
2   2   3.2 9.62    5.5 7.31    9   2   44.32
2   1   2.3 9.13    3.4 8.25    3   1   48.01
4   2   3.5 8.84    3.4 8.32    7   0   46.02
1   2   2.5 8.45    4.0 7.67    8   3   44.60
4   1   2.8 8.84    3.7 8.19    3   2   47.73
4   1   3.5 8.44    5.1 8.63    4   3   46.88
1   2   2.3 9.20    4.0 7.41    8   3   44.60
4   1   2.1 8.50    5.1 7.35    4   3   46.88
1   2   3.1 8.81    4.1 7.15    9   4   43.75
4   2   3.1 8.87    4.9 8.04    8   1   45.17
3   2   3.7 9.38    4.8 8.49    13  5   41.20
3   1   3.6 8.66    4.1 7.93    6   1   46.31
1   1   2.2 9.72    4.5 8.82    11  3   42.90
5   1   3.9 9.79    4.0 8.52    6   1   46.31
2   1   4.2 8.75    5.9 8.50    3   2   47.73
5   2   2.2 9.06    5.1 7.61    7   4   44.89
4   2   2.5 8.64    5.5 7.14    8   1   45.17
1   1   3.0 8.76    4.9 8.38    11  3   42.90
3   1   2.9 9.60    5.0 7.40    7   1   45.74
4   2   4.8 8.78    3.7 7.59    8   1   45.17
1   2   3.0 9.68    5.5 7.30    10  4   43.18
3   2   3.0 9.87    5.2 7.79    14  5   40.63
4   2   3.3 8.88    5.9 7.96    9   1   44.60
4   1   4.6 9.01    3.0 7.56    4   3   46.88
2   2   3.4 8.55    3.3 7.45    10  2   43.75
5   2   3.4 9.40    3.4 8.69    7   4   44.89
5   1   4.3 8.42    5.8 7.70    7   2   45.46
3   1   2.7 9.58    3.6 7.06    7   1   45.74
2   2   4.7 9.97    4.9 7.95    11  3   42.90
3   2   3.6 8.42    3.2 8.30    14  5   40.63
4   2   4.3 9.98    5.6 8.44    10  1   44.04
5   1   2.7 9.58    4.6 7.80    7   2   45.46
3   2   4.8 9.43    4.8 7.33    15  6   39.78
1   1   3.4 9.85    5.1 8.19    12  3   42.33
3   2   2.4 8.90    5.7 7.99    15  6   39.78
3   2   2.4 8.68    4.5 7.96    16  6   39.21
3   1   2.7 8.37    5.0 7.36    8   1   45.17
1   1   3.2 9.12    3.8 8.08    12  4   42.05
3   2   4.1 8.51    3.5 8.45    17  6   38.64
3   1   3.6 9.02    4.7 7.80    9   1   44.60
5   1   3.1 8.98    4.9 7.68    8   2   44.89
3   2   3.3 8.04    3.2 8.16    18  6   38.07
5   1   2.8 9.91    3.7 8.24    9   2   44.32
1   2   4.2 8.59    4.8 7.98    11  4   42.62
2   2   2.8 8.28    4.9 7.09    12  3   42.33
2   2   2.7 9.90    5.5 8.36    13  4   41.48
5   2   2.6 9.60    5.5 7.54    7   4   44.89
2   1   2.6 8.65    5.5 8.43    3   3   47.44
1   1   4.7 8.98    4.0 7.49    13  4   41.48
2   1   3.0 9.95    3.0 7.55    3   3   47.44
4   2   3.9 8.55    5.1 8.95    11  1   43.47
1   2   2.6 9.60    4.5 7.21    11  4   42.62
5   1   4.0 9.89    4.0 7.51    10  2   43.75
2   1   3.9 8.04    4.1 7.84    4   3   46.88
5   1   3.9 9.67    3.8 8.52    10  2   43.75
5   2   3.4 8.62    3.2 8.98    8   4   44.32
5   2   4.2 8.19    4.2 8.62    8   4   44.32
5   1   3.8 9.42    4.2 7.91    11  2   43.18
5   2   3.4 9.59    4.5 7.99    9   5   43.47
2   1   4.6 8.21    4.5 8.19    5   3   46.31
5   1   5.0 9.44    4.0 7.66    12  2   42.62
3   1   4.8 9.15    3.6 7.20    10  1   44.04
4   1   4.4 9.30    5.5 7.34    5   4   46.02
1   1   2.0 9.82    5.6 7.72    13  4   41.48
1   1   4.4 8.55    4.2 8.83    14  5   40.63
2   2   4.5 9.37    3.0 7.82    13  4   41.48
2   2   4.7 8.28    4.8 7.18    14  5   40.63
1   2   2.2 8.12    4.1 7.60    12  5   41.76
2   2   4.8 9.75    3.6 7.26    15  5   40.06
4   2   2.4 9.43    4.9 7.84    12  1   42.90
3   2   4.2 8.69    5.2 7.48    18  6   38.07
1   2   3.7 9.31    3.4 8.67    12  5   41.76
1   2   3.2 9.30    5.1 7.86    13  5   41.20
3   1   2.4 8.62    4.1 7.13    11  1   43.47
3   2   2.2 8.29    3.1 7.89    19  7   37.22
2   2   2.2 8.68    4.2 8.42    16  5   39.49
2   1   2.5 8.89    4.2 7.21    6   3   45.74
4   1   3.0 9.23    6.0 8.05    5   4   46.02
3   1   2.0 8.10    3.3 8.25    12  1   42.90
1   1   4.2 8.59    4.4 8.93    14  5   40.63
4   2   2.2 9.11    5.0 7.90    13  1   42.33
5   1   4.7 9.74    5.9 8.55    13  3   41.76
1   1   4.6 8.23    5.9 8.81    15  5   40.06
4   1   3.1 9.09    4.5 7.16    6   4   45.46
2   1   3.8 8.27    4.9 7.57    6   4   45.46
5   1   2.5 9.29    4.6 8.02    14  4   40.91
4   1   4.1 9.06    4.3 8.13    7   5   44.60
5   2   4.9 8.85    3.4 8.34    10  5   42.90
5   2   3.2 9.36    3.6 8.47    11  5   42.33
5   2   4.1 9.17    4.5 8.10    12  5   41.76
2   2   4.6 8.82    4.3 8.03    16  6   39.21
2   1   2.3 8.83    3.8 7.48    7   4   44.89
4   2   2.2 9.20    3.2 8.16    13  1   42.33
3   1   3.4 8.08    5.0 8.97    12  1   42.90
3   1   4.0 8.61    5.4 8.32    13  2   42.05
4   2   2.3 9.54    3.7 7.91    14  2   41.48
4   2   2.5 9.83    3.2 8.73    14  3   41.20
4   2   3.1 9.18    4.7 8.05    15  3   40.63
5   2   5.0 9.77    4.7 8.31    13  6   40.91
1   1   2.9 8.35    5.2 7.51    16  5   39.49
2   1   2.7 9.53    4.0 7.40    7   4   44.89
4   2   3.2 9.80    3.1 7.64    16  3   40.06
2   1   3.2 8.27    5.1 7.02    7   4   44.89
1   1   4.2 9.82    5.7 8.01    16  5   39.49
2   2   3.6 8.51    4.8 8.43    17  6   38.64
1   2   3.1 8.30    5.0 7.17    14  5   40.63
4   2   4.1 9.82    5.4 8.47    17  3   39.49
5   2   2.4 9.27    3.7 7.36    13  7   40.63
2   2   2.7 8.81    4.3 7.02    17  6   38.64
2   2   3.8 9.21    4.6 7.88    18  6   38.07
1   2   2.1 8.31    4.9 8.85    15  6   39.78
1   1   4.6 9.44    3.9 7.19    16  5   39.49
3   1   2.8 8.10    4.3 7.07    13  2   42.05
1   2   2.1 8.75    3.2 8.37    15  6   39.78
2   2   3.9 9.07    4.7 7.34    18  6   38.07
3   1   2.1 9.91    5.0 8.46    13  2   42.05
1   2   3.7 9.59    5.1 8.20    16  7   38.92
2   2   4.6 9.18    4.1 7.28    19  6   37.50
1   2   4.5 9.94    4.9 8.31    16  7   38.92
4   1   2.6 9.19    4.9 8.75    7   5   44.60
1   2   4.2 9.44    4.9 8.21    17  8   38.07
5   2   2.7 9.76    6.0 8.78    14  7   40.06
5   2   3.9 8.98    3.7 7.73    15  8   39.21
3   1   3.9 8.68    5.8 7.23    14  3   41.20
4   2   2.3 8.29    3.4 7.90    18  3   38.92
2   2   4.3 9.55    3.3 7.57    20  6   36.94
1   2   4.6 8.57    4.4 8.98    18  9   37.22
3   2   2.4 9.31    5.4 8.14    19  7   37.22
5   1   4.0 9.01    3.7 8.33    15  5   40.06
4   2   2.4 8.15    5.8 8.40    19  4   38.07
5   1   4.7 8.15    3.7 7.72    15  5   40.06
3   1   4.7 8.62    5.6 7.96    14  3   41.20
5   2   3.9 8.18    5.3 7.29    16  8   38.64
3   1   3.9 9.74    5.3 8.03    14  3   41.20
4   2   3.9 8.80    3.9 7.42    19  4   38.07
4   2   2.8 8.15    5.0 7.31    19  4   38.07
5   1   3.6 8.60    5.0 7.44    16  6   39.21
2   1   3.7 8.71    5.6 7.03    8   4   44.32
2   2   2.4 9.76    4.8 8.58    21  6   36.37
4   2   3.1 8.93    5.7 8.68    20  5   37.22
2   1   2.5 9.99    3.0 8.60    8   4   44.32
1   2   4.6 8.70    3.9 7.14    19  10  36.37
1   1   2.4 9.27    5.3 7.25    17  6   38.64
2   1   4.9 8.45    3.8 7.54    9   4   43.75
3   2   2.1 9.83    5.3 8.50    19  7   37.22
5   1   4.4 8.49    3.1 8.46    16  6   39.21
3   1   2.9 9.57    5.6 8.46    15  4   40.34
5   1   4.8 8.21    3.0 8.89    17  6   38.64
3   1   3.9 9.45    5.8 7.56    15  5   40.06
1   2   3.2 9.69    5.8 8.81    19  10  36.37
3   2   3.3 8.32    4.9 7.33    19  7   37.22
3   2   4.1 9.82    3.6 7.90    20  7   36.65
5   1   4.8 9.97    5.8 8.28    18  7   37.79
4   1   3.5 8.78    5.9 7.51    7   5   44.60
3   1   2.5 8.19    4.1 8.87    16  5   39.49
1   1   4.4 9.56    3.0 7.88    18  6   38.07
1   2   3.3 8.71    5.5 7.96    20  10  35.80
3   1   4.4 9.08    5.0 7.05    17  5   38.92
3   1   3.1 9.86    4.0 7.60    17  6   38.64
4   1   2.5 8.90    3.8 7.94    7   6   44.32
1   2   4.2 8.29    4.6 7.49    21  10  35.23
2   2   2.9 8.12    5.6 7.75    22  6   35.80
1   2   4.3 9.06    4.1 7.98    22  10  34.66
2   1   3.2 8.02    5.2 7.39    10  4   43.18
5   1   2.7 9.46    4.8 8.93    18  7   37.79
4   1   2.6 9.29    3.7 8.32    8   6   43.75
5   1   2.2 8.93    5.9 8.77    19  7   37.22
2   2   4.8 9.58    5.1 8.65    23  6   35.23
5   2   4.2 8.86    5.0 7.75    16  8   38.64
2   1   4.4 8.83    4.6 8.83    10  4   43.18
3   2   3.0 9.15    5.6 8.21    20  7   36.65
1   2   3.4 9.30    3.6 7.78    22  10  34.66
3   1   4.8 9.46    4.9 7.50    17  6   38.64
3   1   3.2 9.15    3.6 8.29    18  6   38.07
2   1   2.0 8.88    5.1 8.43    10  4   43.18
2   1   4.2 8.19    4.8 7.34    11  5   42.33
1   2   4.9 9.94    4.6 8.32    23  10  34.10
4   2   3.5 9.57    5.8 8.35    21  5   36.65
2   2   2.6 9.20    5.4 7.97    23  6   35.23
1   1   3.6 9.97    3.2 8.17    19  6   37.50
4   1   2.2 9.50    4.9 7.81    8   6   43.75
5   2   3.7 9.23    3.3 7.40    17  9   37.79
4   1   3.2 9.38    4.8 7.69    9   6   43.18
5   2   2.2 8.56    4.1 8.68    17  9   37.79
4   2   2.4 9.12    5.5 8.99    21  5   36.65
3   1   3.2 9.69    5.4 7.36    18  6   38.07
2   1   3.4 8.82    3.9 8.81    11  5   42.33
1   1   4.2 9.49    4.7 8.38    20  6   36.94
5   2   3.1 9.71    3.1 8.88    18  9   37.22
5   2   2.8 9.67    3.7 8.56    19  9   36.65
1   2   3.8 9.36    5.3 7.17    23  11  33.81
3   2   2.1 9.63    3.0 7.40    21  7   36.08
4   2   3.6 8.00    5.3 8.43    22  5   36.08
5   1   3.2 9.99    3.9 8.19    20  8   36.37
2   1   3.4 8.72    4.4 8.87    12  5   41.76
5   1   4.6 9.60    3.2 7.93    21  8   35.80
2   2   2.6 8.41    5.6 8.89    23  7   34.95
5   2   4.0 9.67    4.4 8.59    19  9   36.65
3   2   2.6 9.84    3.0 7.83    21  7   36.08
5   2   4.6 8.74    5.2 7.11    20  9   36.08
5   2   3.1 9.41    5.4 7.29    21  10  35.23
2   2   3.4 9.65    3.9 7.23    24  7   34.38
2   2   3.7 8.39    3.5 8.61    25  7   33.81
2   2   3.7 9.51    4.8 8.07    26  8   32.96
4   2   4.4 8.05    4.7 8.63    22  5   36.08
3   1   2.1 9.20    3.2 8.49    19  6   37.50
5   1   4.2 8.12    5.9 8.56    22  8   35.23
5   2   4.6 8.95    4.8 8.14    21  10  35.23
4   1   4.6 8.94    4.6 8.06    9   7   42.90
3   1   2.3 9.72    5.6 7.20    20  6   36.94
5   1   4.1 9.92    4.4 7.05    23  8   34.66
1   1   2.6 8.40    5.2 7.32    20  6   36.94
5   1   3.1 8.10    4.6 8.58    24  8   34.10
5   1   2.7 8.73    4.1 7.54    25  8   33.53
3   1   4.4 8.96    5.6 8.01    21  6   36.37
3   1   3.7 9.10    3.8 7.51    21  6   36.37
1   1   3.8 8.32    3.5 8.16    20  7   36.65
1   1   3.8 9.97    3.1 8.77    21  7   36.08
5   2   4.0 9.12    4.9 8.11    22  10  34.66
1   1   3.0 8.15    5.4 7.05    21  7   36.08
1   1   3.1 9.03    5.7 7.32    22  7   35.52
2   1   4.9 9.64    3.0 7.28    13  5   41.20
3   2   4.1 8.86    4.3 8.57    22  7   35.52
3   2   4.1 8.63    5.2 7.43    23  8   34.66
4   1   4.2 9.94    4.1 7.97    10  7   42.33
3   1   2.3 9.53    3.5 7.55    22  7   35.52
4   1   4.8 8.54    3.0 8.13    11  8   41.48
5   1   2.5 9.14    4.9 8.03    26  8   32.96
4   1   2.8 8.17    4.7 7.55    12  8   40.91
2   2   3.0 8.67    3.7 7.57    27  9   32.11
1   2   2.1 8.78    4.6 7.82    24  12  32.96
1   1   2.3 9.72    5.5 8.84    23  7   34.95
1   1   2.3 8.32    5.8 7.54    24  7   34.38
5   1   2.3 9.38    5.8 8.62    26  8   32.96
1   2   4.7 9.19    5.6 8.49    24  12  32.96
2   1   3.0 8.36    3.5 7.10    14  5   40.63
3   1   4.8 8.94    5.5 7.51    22  7   35.52
3   1   4.8 8.09    5.4 7.04    23  7   34.95
4   2   2.9 8.09    3.6 8.06    23  5   35.52
5   1   2.5 9.19    5.7 7.48    27  8   32.39
4   2   2.7 9.26    4.7 8.08    24  6   34.66
3   1   3.3 9.57    4.4 7.48    24  7   34.38
2   1   3.1 8.95    5.1 7.58    15  5   40.06
4   1   3.9 9.80    4.2 7.43    12  8   40.91
5   1   2.2 8.16    4.2 7.39    28  9   31.54
3   1   2.9 8.41    5.6 7.97    25  8   33.53
2   1   4.6 9.74    4.6 8.80    16  5   39.49
3   1   2.4 8.22    4.1 7.94    25  8   33.53
4   1   3.1 8.73    4.6 8.02    13  9   40.06
3   2   2.1 8.30    4.6 8.52    24  8   34.10
5   2   4.6 9.20    4.9 7.95    22  10  34.66
2   1   3.6 8.90    5.4 8.77    16  5   39.49
1   2   2.3 9.19    5.3 7.12    25  12  32.39
5   2   2.6 8.34    4.4 8.81    23  11  33.81
4   1   3.5 9.43    5.8 7.38    13  9   40.06
3   1   2.3 8.03    5.5 8.98    26  8   32.96
4   2   2.7 9.96    4.1 7.44    25  6   34.10
2   2   3.7 9.94    3.5 8.26    28  9   31.54
1   2   4.8 9.57    6.0 8.01    25  12  32.39
5   2   4.5 8.89    4.0 8.14    24  11  33.24
4   2   3.4 8.90    5.8 8.89    25  6   34.10
5   2   4.7 8.05    3.2 8.29    25  11  32.68
4   2   2.3 8.83    4.3 7.18    26  6   33.53
5   1   2.9 9.94    4.7 7.65    29  10  30.69
4   2   2.4 9.13    4.5 7.13    27  6   32.96
3   2   2.3 8.25    3.2 8.12    25  8   33.53
3   1   3.8 9.69    3.7 7.42    26  8   32.96
2   2   4.6 9.71    4.1 7.89    29  9   30.97
2   2   2.3 9.12    4.8 8.97    29  9   30.97
2   2   2.2 8.07    4.6 7.78    29  10  30.69
1   1   2.8 9.86    4.7 7.36    25  7   33.81
5   1   3.0 8.45    4.7 7.75    30  10  30.12
3   2   4.0 9.78    5.8 7.72    26  9   32.68
2   2   3.4 9.82    4.9 7.46    29  10  30.69
4   1   2.1 9.66    3.9 8.09    14  10  39.21
5   1   2.1 9.99    4.7 8.17    31  11  29.27
4   1   3.6 9.09    3.6 8.86    15  10  38.64
1   2   2.3 8.66    3.1 7.61    25  13  32.11
2   1   4.9 9.40    6.0 8.35    17  5   38.92
2   1   4.0 9.82    4.6 8.71    18  5   38.36
5   2   3.9 8.65    4.9 8.23    26  11  32.11
4   1   4.0 9.94    6.0 7.05    15  10  38.64
5   1   3.9 8.22    3.8 7.19    31  11  29.27
5   1   3.4 9.39    4.6 8.04    32  11  28.70
2   2   4.3 8.17    6.0 8.84    30  10  30.12
2   1   2.5 9.02    3.6 8.65    18  6   38.07
2   1   3.9 9.63    3.2 8.96    18  6   38.07
3   2   4.7 9.15    3.9 7.10    26  9   32.68
4   2   4.7 9.08    3.5 8.87    28  6   32.39
4   1   2.4 8.30    4.9 8.49    15  10  38.64
4   2   3.1 8.62    5.8 8.18    28  6   32.39
1   2   3.7 8.37    4.6 8.42    25  13  32.11
5   2   2.8 8.44    3.3 8.96    26  11  32.11
5   2   4.6 9.43    5.4 8.35    26  11  32.11
4   1   3.0 8.32    5.0 8.31    16  11  37.79
1   1   3.8 8.70    5.9 8.11    26  8   32.96
5   2   3.6 8.32    5.4 8.52    27  12  31.26
2   2   3.5 9.70    4.9 7.28    31  10  29.55
4   1   2.9 8.07    4.9 7.19    16  11  37.79
5   2   3.4 9.20    4.7 7.85    27  12  31.26
2   2   3.4 8.26    3.4 8.86    31  10  29.55
1   2   3.0 9.98    3.8 8.69    26  14  31.26
3   1   2.0 8.56    3.1 8.12    27  9   32.11
5   1   4.5 9.13    5.7 7.38    33  12  27.85
3   2   2.3 8.18    5.7 7.40    27  9   32.11
2   2   4.2 9.30    5.0 7.40    31  11  29.27
2   2   4.7 9.30    4.7 8.72    31  11  29.27
2   1   4.1 9.17    4.8 8.25    19  7   37.22
3   2   2.2 9.99    5.4 8.11    28  10  31.26
3   1   4.7 9.22    4.6 8.74    27  9   32.11
2   1   2.6 8.84    5.6 8.80    19  7   37.22
5   2   3.3 8.59    3.4 7.71    28  13  30.40
3   1   3.4 8.48    3.6 8.57    28  9   31.54
2   2   4.2 8.78    3.2 7.08    32  11  28.70
1   2   2.9 9.32    5.2 7.88    26  14  31.26
2   1   2.6 9.36    5.4 8.29    20  8   36.37
5   2   2.6 9.46    4.1 8.72    29  13  29.84
2   1   3.8 9.35    5.7 8.08    21  9   35.52
5   2   3.9 9.53    3.5 7.21    29  13  29.84
4   1   4.4 8.58    4.0 8.62    17  11  37.22
3   2   2.4 9.76    4.8 7.35    29  10  30.69
2   1   4.6 9.56    5.9 8.33    22  9   34.95
1   1   3.6 8.59    5.1 7.76    26  8   32.96
3   2   3.6 9.63    3.8 7.16    29  10  30.69
1   2   4.2 8.72    3.3 7.91    27  14  30.69
4   2   4.3 9.11    4.7 7.14    29  6   31.82
2   1   2.0 9.26    5.4 8.52    22  9   34.95
2   2   2.3 9.01    5.0 7.57    33  12  27.85
3   1   2.5 8.90    3.5 8.48    29  9   30.97
3   1   4.7 9.12    5.1 8.33    30  10  30.12
3   2   2.7 9.42    3.5 8.78    30  11  29.84
1   2   4.4 9.07    4.4 8.81    27  14  30.69
5   2   2.0 9.73    4.4 8.30    30  13  29.27
5   1   2.9 9.21    3.6 7.88    34  12  27.28
2   1   4.2 8.36    5.5 8.56    23  10  34.10
2   1   4.8 9.86    3.9 8.61    23  10  34.10
1   2   3.8 8.23    3.1 7.88    28  15  29.84
5   2   2.9 8.07    4.0 8.32    31  13  28.70
3   1   2.7 9.70    3.8 8.02    31  11  29.27
5   1   4.3 9.02    3.8 7.96    35  12  26.71
5   2   3.9 8.84    3.4 8.58    31  13  28.70
4   2   4.9 9.93    5.7 8.96    29  6   31.82
2   2   4.6 9.36    4.3 7.92    34  12  27.28
1   1   3.0 8.08    3.2 7.67    27  9   32.11
1   1   3.8 8.22    4.6 8.89    28  10  31.26
1   2   2.5 9.42    4.9 8.77    28  15  29.84
1   1   4.7 9.99    5.6 8.42    29  10  30.69
3   1   2.5 9.48    3.5 8.12    31  12  28.98
4   2   5.0 8.71    5.4 8.05    30  6   31.26
1   2   3.1 8.96    3.2 7.69    29  15  29.27
4   2   3.0 9.71    4.7 7.59    30  6   31.26
1   1   2.5 9.54    4.2 8.31    30  10  30.12
5   1   3.2 9.38    5.5 7.28    36  12  26.14
5   1   2.3 10.00   3.9 8.04    37  12  25.58
4   1   2.6 9.02    4.1 8.95    18  11  36.65
4   1   2.2 9.99    5.9 7.78    18  12  36.37
1   2   4.1 9.80    3.4 7.42    29  15  29.27
1   1   3.2 9.18    4.7 8.85    31  10  29.55
5   2   3.4 8.37    3.6 8.97    32  13  28.13
1   2   4.8 8.49    5.0 8.18    30  16  28.42
4   1   4.4 9.50    5.8 7.82    19  12  35.80
1   2   2.8 8.78    4.0 7.05    31  16  27.85
2   1   4.3 8.40    5.4 7.61    23  10  34.10
3   1   5.0 8.25    4.9 8.15    31  12  28.98
1   2   4.7 9.58    3.1 7.53    32  16  27.28
2   1   2.5 8.46    3.5 8.40    24  10  33.53
2   1   2.6 8.94    4.3 7.12    24  10  33.53
1   2   2.5 9.40    5.9 7.31    33  16  26.71
4   2   2.0 9.42    5.2 8.63    31  6   30.69
