2   2   4.8 9.37    3.9 8.05
2   4   3.2 9.90    4.3 7.72
1   5   2.8 8.73    5.4 8.28
1   4   4.2 9.47    3.7 8.95
2   2   4.4 8.20    5.9 8.80
2   2   3.8 9.20    5.4 8.02
1   3   4.5 9.90    4.8 8.45
2   2   4.5 8.96    3.0 8.60
2   4   4.0 8.32    3.6 8.78
1   3   4.8 9.31    5.9 7.43
1   2   2.9 8.88    5.0 7.30
2   5   4.6 8.21    3.2 8.69
2   4   4.0 8.51    5.0 7.61
1   4   3.2 9.99    5.1 8.11
2   1   4.6 8.38    6.0 8.36
2   2   2.6 9.26    4.1 7.99
1   5   3.0 8.62    4.5 7.01
1   3   3.5 8.51    3.1 7.57
1   5   2.9 8.54    3.5 7.57
2   3   4.2 8.13    6.0 8.45
1   2   4.1 9.50    4.7 7.37
2   4   4.0 8.26    3.9 8.19
1   5   4.7 9.53    5.2 8.93
1   5   2.2 9.03    3.6 8.06
2   5   4.5 8.21    5.7 8.53
1   2   5.0 9.91    4.4 8.84
1   1   4.4 8.81    4.6 8.83
2   2   4.8 9.71    3.1 7.16
2   1   4.4 8.24    3.4 8.87
2   1   2.5 9.78    4.3 8.81
1   3   2.6 8.67    3.3 7.29
1   2   4.8 9.74    3.5 8.34
1   4   4.3 9.33    4.8 8.20
2   3   4.6 8.15    5.6 7.16
2   1   3.9 9.48    5.9 7.91
2   3   3.4 8.94    3.0 7.36
1   2   2.7 9.95    3.0 8.38
2   3   3.0 8.00    5.5 8.01
2   1   3.4 8.25    5.6 8.30
1   1   4.9 8.01    4.1 8.63
1   1   2.0 9.07    3.5 7.71
1   4   3.0 8.38    5.0 8.99
2   3   2.1 8.00    4.6 8.48
1   1   3.4 9.11    5.4 8.84
2   5   2.6 8.89    4.8 7.53
1   5   3.3 8.31    4.4 8.90
1   3   4.9 9.02    4.3 7.12
1   3   2.9 9.31    4.8 7.67
2   4   4.5 9.72    3.5 7.93
1   4   3.3 9.03    3.9 7.42
1   4   3.9 9.85    5.4 7.55
1   4   2.5 9.42    4.5 7.26
1   2   3.0 9.10    3.1 7.35
2   4   2.4 8.53    4.2 7.07
1   1   4.5 9.92    3.4 8.25
1   1   4.5 9.53    3.6 8.66
2   3   2.8 9.93    5.6 7.66
2   2   4.1 8.62    4.5 8.60
1   5   4.5 8.29    3.6 7.40
2   4   4.4 8.92    3.7 8.51
1   3   2.9 8.53    5.8 7.39
2   5   3.1 9.24    3.4 7.71
1   4   3.8 9.49    3.0 7.29
1   5   3.5 8.63    4.3 8.97
1   2   2.3 9.41    4.1 7.91
2   1   2.6 9.80    4.7 7.57
1   2   3.7 9.40    3.0 7.49
2   4   2.3 8.33    3.5 7.30
1   5   4.7 9.49    4.8 8.95
2   2   4.6 9.05    4.9 8.40
1   2   4.1 9.90    5.2 8.50
2   3   4.7 8.66    4.7 7.16
1   4   2.5 9.60    5.9 7.98
1   3   4.7 9.91    4.2 7.83
2   3   3.8 8.14    4.7 7.50
1   5   2.7 8.28    5.9 7.36
2   5   3.7 9.93    5.1 7.82
2   2   3.3 9.42    4.9 7.13
1   4   3.5 9.33    3.2 7.87
2   2   2.3 9.82    4.7 7.85
1   2   3.1 9.35    3.8 8.86
2   5   3.8 9.69    3.3 7.83
1   4   4.3 8.60    5.8 8.21
1   1   3.5 8.94    5.4 7.44
1   2   4.4 9.27    3.9 7.40
1   4   3.4 9.09    5.7 7.55
2   1   3.8 9.29    5.8 8.08
2   2   3.9 9.77    5.2 7.60
2   3   2.9 8.41    3.8 7.19
1   4   3.1 9.28    3.8 7.33
2   1   3.3 8.69    5.9 8.05
1   3   3.7 8.12    5.9 8.97
2   2   4.1 8.10    5.0 7.80
2   5   3.6 8.55    4.9 8.22
2   3   4.8 9.18    4.9 8.83
1   5   2.6 8.99    3.7 8.86
2   1   3.1 8.37    5.9 7.49
1   4   4.6 9.45    5.8 8.87
2   5   2.3 9.77    4.8 8.09
2   1   3.7 8.12    4.0 8.83
1   1   4.7 9.83    3.9 7.11
2   4   4.8 9.54    5.2 8.12
1   3   2.6 9.76    5.7 7.71
1   4   3.2 9.30    3.9 7.40
1   5   2.4 8.99    5.5 7.42
1   4   4.5 9.86    5.7 7.40
2   5   3.6 9.11    4.8 8.02
1   2   2.5 8.01    5.0 8.57
1   5   2.7 9.04    5.2 7.51
1   4   3.9 8.96    4.1 8.05
2   5   4.1 9.82    4.1 8.06
2   2   3.6 8.72    5.5 8.76
2   1   3.2 8.25    3.5 8.04
2   2   3.2 9.47    4.4 7.21
2   2   2.5 8.43    3.8 7.11
2   4   3.3 8.42    3.5 8.83
2   3   4.6 8.49    5.5 7.69
1   5   3.6 8.66    3.6 7.80
1   2   3.4 9.38    4.4 8.36
1   1   4.4 8.47    4.3 8.70
2   1   3.0 8.67    4.0 8.98
1   5   3.5 9.75    5.2 8.89
1   4   2.6 9.11    3.3 7.84
1   3   3.5 8.87    3.5 7.94
1   4   4.7 8.87    4.8 8.29
1   4   4.5 8.74    4.5 8.47
1   4   2.5 9.92    3.8 7.74
1   4   3.2 8.84    3.0 7.37
1   2   3.5 8.29    3.9 7.63
1   1   2.7 8.35    3.7 8.45
1   3   4.7 8.40    4.2 8.41
1   4   4.5 9.07    4.2 8.61
1   5   4.5 9.92    4.5 8.41
2   3   4.9 9.93    5.1 7.78
1   4   4.4 9.92    3.3 8.72
2   4   3.7 9.75    5.7 8.35
1   3   2.1 8.11    3.2 7.10
1   1   2.4 9.79    4.9 7.14
2   3   2.6 8.59    5.9 8.98
2   5   4.0 9.52    3.8 8.28
2   5   2.2 9.53    5.9 8.58
2   4   2.4 9.92    3.2 7.03
2   4   3.0 8.50    4.9 7.86
2   5   2.8 9.61    3.2 8.76
1   1   2.6 8.73    3.5 7.34
2   2   2.1 8.97    3.7 7.19
2   1   4.3 9.12    5.2 8.05
2   2   2.8 8.98    5.4 7.61
2   2   4.2 9.98    5.8 7.17
2   5   3.9 8.37    4.3 8.61
2   4   4.2 8.03    5.7 8.28
2   4   3.4 8.71    4.4 7.44
1   4   4.0 8.03    4.6 7.51
1   3   2.9 8.44    3.0 8.11
2   4   4.8 9.83    3.9 8.72
2   5   3.8 9.38    3.1 7.54
1   3   2.8 8.95    5.8 8.56
2   5   3.9 9.21    3.2 8.73
2   1   2.3 9.44    5.0 8.32
2   5   2.3 9.46    5.5 8.09
2   5   4.5 9.79    4.2 7.86
2   1   3.9 8.26    4.2 8.26
2   3   4.0 9.62    4.5 8.05
2   1   4.3 9.15    3.9 7.68
1   1   4.7 9.96    3.1 7.04
1   2   4.4 9.09    5.7 7.16
1   1   2.3 8.51    3.6 8.06
2   3   4.1 8.50    4.5 7.43
2   4   4.6 9.69    3.7 8.77
1   4   4.5 9.59    3.2 7.50
1   1   3.5 8.09    3.0 8.06
1   2   4.4 8.58    5.3 7.59
1   4   2.2 9.56    4.4 8.58
2   1   4.0 8.72    4.4 8.52
1   3   3.7 9.12    5.1 7.43
2   3   4.4 9.15    3.6 7.98
2   5   4.2 8.92    3.8 8.90
2   4   4.6 9.59    4.6 8.27
2   2   4.2 8.31    5.0 8.74
1   3   2.5 9.28    5.7 8.90
1   4   2.1 9.63    4.6 7.34
1   2   3.3 9.56    3.4 7.62
1   2   3.4 8.68    6.0 7.29
2   2   4.4 9.13    3.2 7.55
2   3   2.3 9.11    4.7 7.54
2   3   3.3 9.32    5.7 7.41
2   3   4.9 8.34    3.6 7.64
1   3   4.8 8.72    3.9 7.88
1   5   5.0 9.90    5.4 7.20
1   4   3.3 8.37    3.3 7.72
1   5   3.2 9.72    4.6 7.88
2   2   3.0 9.20    3.6 7.94
1   5   2.2 8.90    3.3 8.25
2   1   3.4 8.12    3.4 7.55
2   3   2.5 8.78    3.4 8.28
1   1   2.4 9.93    4.6 8.44
2   2   3.7 9.09    5.3 7.77
1   3   2.5 9.56    4.1 8.81
2   3   3.8 9.17    3.5 7.76